{"similarity_matrix": [[1.0, 0.8808189034461975, 0.914991421995628, 0.9014837741851807, 0.7633076906204224, 0.36761611700057983], [0.8808189034461975, 1.0, 0.8167401552200317, 0.8282380700111389, 0.6527912020683289, 0.3272748291492462], [0.914991421995628, 0.8167401552200317, 1.0, 0.8314874172210693, 0.7184513807296753, 0.4090675413608551], [0.9014837741851807, 0.8282380700111389, 0.8314874172210693, 1.0, 0.6963627934455872, 0.5851866006851196], [0.7633076906204224, 0.6527912020683289, 0.7184513807296753, 0.6963627934455872, 1.0, 0.45391595363616943], [0.36761611700057983, 0.3272748291492462, 0.4090675413608551, 0.5851866006851196, 0.45391595363616943, 1.0]], "sentences": ["There is traffic in the Newcastle city centre", "Newcastle city centre is trafficked", "There is traffic but not in the Newcastle city centre", "In Newcastle city center on Saturdays, traffic is flowing", "It is busy in Newcastle", "Saturdays have usually busy city centers"]}