{"similarity_matrix": [[1.0, 0.8651809126974003, 0.0, 0.0, 0.0, 0.0, 0.0, 0.0, 0.9718253158075502, 0.0, 0.0, 0.0, 0.0, 0.0, 0.0, 0.0], [0.8651809126974003, 1.0, 0.0, 0.0, 0.0, 0.0, 0.0, 0.0, 0.0, 0.9733285267845753, 0.0, 0.0, 0.0, 0.0, 0.0, 0.0], [0.0, 0.0, 1.0, 0.0, 0.0, 0.0, 0.0, 0.0, 0.0, 0.0, 0.9411764705882353, 0.0, 0.0, 0.0, 0.0, 0.0], [0.0, 0.0, 0.0, 1.0, 0.0, 0.0, 0.0, 0.0, 0.0, 0.0, 0.0, 1.0, 0.0, 0.0, 0.0, 0.0], [0.0, 0.0, 0.0, 0.0, 1.0, 0.8981462390204986, 0.0, 0.9258200997725514, 0.0, 0.0, 0.0, 0.0, 0.9797958971132713, 0.8807048459279793, 0.0, 0.9258200997725514], [0.0, 0.0, 0.0, 0.0, 0.8981462390204986, 1.0, 0.8573214099741123, 0.9071147352221454, 0.0, 0.0, 0.0, 0.0, 0.88, 0.9805806756909201, 0.0, 0.9071147352221454], [0.0, 0.0, 0.0, 0.0, 0.0, 0.8573214099741123, 1.0, 0.0, 0.0, 0.0, 0.0, 0.0, 0.0, 0.0, 0.9583333333333334, 0.0], [0.0, 0.0, 0.0, 0.0, 0.9258200997725514, 0.9071147352221454, 0.0, 1.0, 0.0, 0.0, 0.0, 0.0, 0.944911182523068, 0.9265616458263765, 0.0, 1.0], [0.9718253158075502, 0.0, 0.0, 0.0, 0.0, 0.0, 0.0, 0.0, 1.0, 0.8636363636363636, 0.0, 0.0, 0.0, 0.0, 0.0, 0.0], [0.0, 0.9733285267845753, 0.0, 0.0, 0.0, 0.0, 0.0, 0.0, 0.8636363636363636, 1.0, 0.0, 0.0, 0.0, 0.0, 0.0, 0.0], [0.0, 0.0, 0.9411764705882353, 0.0, 0.0, 0.0, 0.0, 0.0, 0.0, 0.0, 1.0, 0.0, 0.0, 0.0, 0.0, 0.0], [0.0, 0.0, 0.0, 1.0, 0.0, 0.0, 0.0, 0.0, 0.0, 0.0, 0.0, 1.0, 0.0, 0.0, 0.0, 0.0], [0.0, 0.0, 0.0, 0.0, 0.9797958971132713, 0.88, 0.0, 0.944911182523068, 0.0, 0.0, 0.0, 0.0, 1.0, 0.9021342216356465, 0.0, 0.944911182523068], [0.0, 0.0, 0.0, 0.0, 0.8807048459279793, 0.9805806756909201, 0.0, 0.9265616458263765, 0.0, 0.0, 0.0, 0.0, 0.9021342216356465, 1.0, 0.0, 0.9265616458263765], [0.0, 0.0, 0.0, 0.0, 0.0, 0.0, 0.9583333333333334, 0.0, 0.0, 0.0, 0.0, 0.0, 0.0, 0.0, 1.0, 0.0], [0.0, 0.0, 0.0, 0.0, 0.9258200997725514, 0.9071147352221454, 0.0, 1.0, 0.0, 0.0, 0.0, 0.0, 0.944911182523068, 0.9265616458263765, 0.0, 1.0]], "sentences": ["The cat eats the mouse", "The cat eats no mouse", "No cat eats a mouse", "The cat does not eat the mouse", "The mouse is eaten by the cat", "The mouse is eaten by no cat", "No mouse is eaten by a cat", "The mouse is not eaten by the cat", "The mouse eats the cat", "The mouse eats no cat", "No mouse eats a cat", "The mouse does not eat the cat", "The cat is eaten by the mouse", "The cat is eaten by no mouse", "No cat is eaten by a mouse", "The cat is not eaten by the mouse"]}