{"similarity_matrix": [[1.0, 0.5816650390625, 0.8461833000183105, 0.8295102119445801, 0.8972232937812805, 0.5475322604179382, 0.45025816559791565, 0.7521922588348389], [0.5816650390625, 1.0, 0.7301594614982605, 0.6947898268699646, 0.5195861458778381, 0.8755728006362915, 0.57817542552948, 0.6304416060447693], [0.8461833000183105, 0.7301594614982605, 1.0, 0.8888888888888888, 0.7937139868736267, 0.6924096941947937, 0.3894897699356079, 0.8543826937675476], [0.8295102119445801, 0.6947898268699646, 0.8888888888888888, 1.0, 0.7937862873077393, 0.6806597113609314, 0.3916792869567871, 0.8769490718841553], [0.8972232937812805, 0.5195861458778381, 0.7937139868736267, 0.7937862873077393, 1.0, 0.6802271008491516, 0.4365704357624054, 0.8127511739730835], [0.5475322604179382, 0.8755728006362915, 0.6924096941947937, 0.6806597113609314, 0.6802271008491516, 1.0, 0.5470713376998901, 0.7383894920349121], [0.45025816559791565, 0.57817542552948, 0.3894897699356079, 0.3916792869567871, 0.4365704357624054, 0.5470713376998901, 1.0, 0.3664127588272095], [0.7521922588348389, 0.6304416060447693, 0.8543826937675476, 0.8769490718841553, 0.8127511739730835, 0.7383894920349121, 0.3664127588272095, 1.0]], "sentences": ["Alice plays football", "Bob plays football", "Alice and Bob play football", "Alice or Bob play football", "Alice doesn't play football", "Bob doesn't play football", "Dan plays football", "Neither Alice nor Bob play football"]}