{"similarity_matrix": [[1.0, 0.9217580556869507, 0.9718253158075502, 0.9415593147277832, 0.8528850078582764, 0.8184587955474854], [0.9217580556869507, 1.0, 0.9397861361503601, 0.9797958971132713, 0.8772940039634705, 0.8654747605323792], [0.9718253158075502, 0.9397861361503601, 1.0, 0.9457026720046997, 0.8722233772277832, 0.8602185249328613], [0.9415593147277832, 0.9797958971132713, 0.9457026720046997, 1.0, 0.8697468042373657, 0.844575047492981], [0.8528850078582764, 0.8772940039634705, 0.8722233772277832, 0.8697468042373657, 1.0, 1.0], [0.8184587955474854, 0.8654747605323792, 0.8602185249328613, 0.844575047492981, 1.0, 1.0]], "sentences": ["The cat eats the mouse", "The mouse is eaten by the cat", "The mouse eats the cat", "The cat is eaten by the mouse", "The cat doesn't eat the mouse", "The mouse doesn't eat the cat"]}